2015010101 18600560456
2015010102 15901203369
2015010103 13717621104
2015010104 13426162923
2015010105 18920790120
2015010106 15210715837
2015010201 18631266167
2015010202 18301607198
2015010203 15652320950
2015010204 18810045437
2015010205 15210218701
2015010206 18301607199
2015010301 18769598651
2015010302 18500788539
2015010303 13810865386
2015010304 13552161276
2015010305 13466607222
2015010306 18600510671
2015010401 13520315256
2015010402 13601251897
2015010403 13426205550
2015010404 13011225525
2015010405 13811293539
2015010501 13522678791
2015010502 13552930002 
2015010503 18636923059
2015010504 18813011195
2015010505 13810052510
2015010506 13426076061
2015010601 15011233050
2015010602 18612033383
2015010603 15010263731
2015010604 15010851171
2015010605 18610703617
2015010701 13681497381
2015010702 18611461061
2015010703 15900303713
2015010704 13810327682
2015010801 18600166778
2015010802 13260312357
2015010803 15620697648
2015010804 13552652543
2015010805 18610019975
2015010901 18610208003
2015010902 15810206924
2015010903 18610598634
2015010904 13581665478
2015010905 15210711425
2015010906 13910574319
2015011001 15120053320
2015011002 18601341579
2015011003 18511700324
2015011004 15901337975
2015011101 18600732838
2015011102 13718714146
2015011103 13581723891
2015011104 18511898047
2015011105 13910962388
2015011202 18600413965
2015011204 18367675913
2015011205 18888871215
2015011302 13718736441
2015011303 15811282069
2015011304 18500194598
2015011305 18210133549
2015011306 15001093323
2015011401 13621043996
2015011402 18701403526
2015011403 18600156978
2015011404 15209888245
2015011501 18612137708
2015011502 13552492327
2015011505 13718441987
2015011506 18612276996
